ssh -o StrictHostKeyChecking=no -o UserKnownHostsFile=/dev/null root@192.168.122.41 oscap --version
STDOUT: OpenSCAP command line tool (oscap) 1.3.11
Copyright 2009--2023 Red Hat Inc., Durham, North Carolina.

==== Supported specifications ====
SCAP Version: 1.3
XCCDF Version: 1.2
OVAL Version: 5.11.1
CPE Version: 2.3
CVSS Version: 2.0
CVE Version: 2.0
Asset Identification Version: 1.1
Asset Reporting Format Version: 1.1
CVRF Version: 1.1

==== Capabilities added by auto-loaded plugins ====
No plugins have been auto-loaded...

==== Paths ====
Schema files: /usr/share/openscap/schemas
Default CPE files: /usr/share/openscap/cpe

==== Inbuilt CPE names ====
Red Hat Enterprise Linux - cpe:/o:redhat:enterprise_linux:-
Red Hat Enterprise Linux 5 - cpe:/o:redhat:enterprise_linux:5
Red Hat Enterprise Linux 6 - cpe:/o:redhat:enterprise_linux:6
Red Hat Enterprise Linux 7 - cpe:/o:redhat:enterprise_linux:7
Red Hat Enterprise Linux 8 - cpe:/o:redhat:enterprise_linux:8
Community Enterprise Operating System 5 - cpe:/o:centos:centos:5
Community Enterprise Operating System 6 - cpe:/o:centos:centos:6
Community Enterprise Operating System 7 - cpe:/o:centos:centos:7
Community Enterprise Operating System 8 - cpe:/o:centos:centos:8
Fedora 32 - cpe:/o:fedoraproject:fedora:32
Fedora 33 - cpe:/o:fedoraproject:fedora:33
Fedora 34 - cpe:/o:fedoraproject:fedora:34
Fedora 35 - cpe:/o:fedoraproject:fedora:35

==== Supported OVAL objects and associated OpenSCAP probes ====
OVAL family   OVAL object                  OpenSCAP probe              
----------    ----------                   ----------                  
independent   environmentvariable          probe_environmentvariable
independent   environmentvariable58        probe_environmentvariable58
independent   family                       probe_family
independent   filehash58                   probe_filehash58 (SHA-224, SHA-256, SHA-384, SHA-512)
independent   system_info                  probe_system_info
independent   textfilecontent              probe_textfilecontent
independent   textfilecontent54            probe_textfilecontent54
independent   variable                     probe_variable
independent   xmlfilecontent               probe_xmlfilecontent
independent   yamlfilecontent              probe_yamlfilecontent
linux         iflisteners                  probe_iflisteners
linux         inetlisteningservers         probe_inetlisteningservers
linux         partition                    probe_partition
linux         rpminfo                      probe_rpminfo
linux         rpmverify                    probe_rpmverify
linux         rpmverifyfile                probe_rpmverifyfile
linux         rpmverifypackage             probe_rpmverifypackage
linux         selinuxboolean               probe_selinuxboolean
linux         selinuxsecuritycontext       probe_selinuxsecuritycontext
linux         systemdunitdependency        probe_systemdunitdependency
linux         systemdunitproperty          probe_systemdunitproperty
linux         fwupdsecattr                 probe_fwupdsecattr
unix          dnscache                     probe_dnscache
unix          file                         probe_file
unix          fileextendedattribute        probe_fileextendedattribute
unix          interface                    probe_interface
unix          password                     probe_password
unix          process                      probe_process
unix          process58                    probe_process58
unix          routingtable                 probe_routingtable
unix          runlevel                     probe_runlevel
unix          shadow                       probe_shadow
unix          symlink                      probe_symlink
unix          sysctl                       probe_sysctl
unix          uname                        probe_uname
unix          xinetd                       probe_xinetd
STDERR: Warning: Permanently added '192.168.122.41' (ED25519) to the list of known hosts.
Setting up test setup scripts
ssh -o StrictHostKeyChecking=no -o UserKnownHostsFile=/dev/null root@192.168.122.41 mkdir -p /root/ssgts
STDERR: Warning: Permanently added '192.168.122.41' (ED25519) to the list of known hosts.
scp -o StrictHostKeyChecking=no -o UserKnownHostsFile=/dev/null /tmp/tmpf4xx6v27.tar.gz root@192.168.122.41:/root/ssgts
STDERR: Warning: Permanently added '192.168.122.41' (ED25519) to the list of known hosts.
ssh -o StrictHostKeyChecking=no -o UserKnownHostsFile=/dev/null root@192.168.122.41 tar xf /root/ssgts/tmpf4xx6v27.tar.gz -C /root/ssgts
STDERR: Warning: Permanently added '192.168.122.41' (ED25519) to the list of known hosts.
tar: shared/accounts_common.sh: time stamp 2025-11-19 07:05:57.0578496 is 13.303708583 s in the future
tar: shared/audit_open.rules: time stamp 2025-11-19 07:05:57.0578783 is 13.303454256 s in the future
tar: shared/audit_open_o_creat.rules: time stamp 2025-11-19 07:05:57.057901 is 13.303384253 s in the future
tar: shared/audit_open_o_trunc_write.rules: time stamp 2025-11-19 07:05:57.0579221 is 13.30330998 s in the future
tar: shared/audit_openat_o_creat.rules: time stamp 2025-11-19 07:05:57.0579457 is 13.303081401 s in the future
tar: shared/audit_openat_o_trunc_write.rules: time stamp 2025-11-19 07:05:57.057966 is 13.30297367 s in the future
tar: shared/audit_rules_watch/auditctl_correct.pass.sh: time stamp 2025-11-19 07:05:57.0582716 is 13.300788281 s in the future
tar: shared/audit_rules_watch/auditctl_correct_extra_permission.pass.sh: time stamp 2025-11-19 07:05:57.0583086 is 13.300700723 s in the future
tar: shared/audit_rules_watch/auditctl_correct_without_key.pass.sh: time stamp 2025-11-19 07:05:57.0583344 is 13.30063826 s in the future
tar: shared/audit_rules_watch/auditctl_remove_all_rules.fail.sh: time stamp 2025-11-19 07:05:57.0583599 is 13.300589663 s in the future
tar: shared/audit_rules_watch/auditctl_wrong_rule.fail.sh: time stamp 2025-11-19 07:05:57.0583842 is 13.300459266 s in the future
tar: shared/audit_rules_watch/auditctl_wrong_rule_without_key.fail.sh: time stamp 2025-11-19 07:05:57.0584104 is 13.300398575 s in the future
tar: shared/audit_rules_watch/augenrules_correct.pass.sh: time stamp 2025-11-19 07:05:57.0584338 is 13.300342796 s in the future
tar: shared/audit_rules_watch/augenrules_correct_extra_permission.pass.sh: time stamp 2025-11-19 07:05:57.0584633 is 13.300211361 s in the future
tar: shared/audit_rules_watch/augenrules_correct_without_key.pass.sh: time stamp 2025-11-19 07:05:57.0584905 is 13.300147445 s in the future
tar: shared/audit_rules_watch/augenrules_remove_all_rules.fail.sh: time stamp 2025-11-19 07:05:57.0585148 is 13.300097673 s in the future
tar: shared/audit_rules_watch/augenrules_wrong_rule.fail.sh: time stamp 2025-11-19 07:05:57.0585423 is 13.299074355 s in the future
tar: shared/audit_rules_watch/augenrules_wrong_rule_without_key.fail.sh: time stamp 2025-11-19 07:05:57.0585732 is 13.299010133 s in the future
tar: shared/audit_rules_watch: time stamp 2025-11-19 07:05:57.0585423 is 13.298954569 s in the future
tar: shared/auditd_utils.sh: time stamp 2025-11-19 07:05:57.0579853 is 13.298338161 s in the future
tar: shared/authconfig: time stamp 2025-11-19 07:05:57.0580049 is 13.298268908 s in the future
tar: shared/dconf_test_functions.sh: time stamp 2025-11-19 07:05:57.0580235 is 13.298213357 s in the future
tar: shared/fstab: time stamp 2025-11-19 07:05:57.0580428 is 13.298112934 s in the future
tar: shared/group_updating_utils.sh: time stamp 2025-11-19 07:05:57.0580623 is 13.298049319 s in the future
tar: shared/grub2.sh: time stamp 2025-11-19 07:05:57.0582263 is 13.298115549 s in the future
tar: shared/partition.sh: time stamp 2025-11-19 07:05:57.0580819 is 13.297877004 s in the future
tar: shared/removable_partitions.sh: time stamp 2025-11-19 07:05:57.058102 is 13.297819085 s in the future
tar: shared/rsyslog_log_utils.sh: time stamp 2025-11-19 07:05:57.0581224 is 13.297714926 s in the future
tar: shared/setup_config_files.sh: time stamp 2025-11-19 07:05:57.058148 is 13.297664675 s in the future
tar: shared/sssd.conf: time stamp 2025-11-19 07:05:57.0581682 is 13.297616665 s in the future
tar: shared/utilities.sh: time stamp 2025-11-19 07:05:57.0581882 is 13.297565051 s in the future
tar: shared/utils.sh: time stamp 2025-11-19 07:05:57.0582078 is 13.297483497 s in the future
tar: shared: time stamp 2025-11-19 07:05:57.0582263 is 13.297473917 s in the future
tar: accounts_root_gid_zero/other_user_gid_0.fail.sh: time stamp 2025-11-19 07:05:57.0577712 is 13.296918739 s in the future
tar: accounts_root_gid_zero: time stamp 2025-11-19 07:05:57.057701 is 13.296815544 s in the future
